0 0 
0 1 
0 2 
0 3 
0 4 
0 5 
0 6 
0 7 
0 8 
0 9 
0 10 
0 11 
0 12 
1 0 
1 1 PD
1 2 D
1 3 P
1 4 PD
1 5 D
1 6 D
1 7 D
1 8 D
1 9 P
1 10 PD
1 11 D
1 12 P
2 0 
2 1 P
2 2 
2 3 P
2 4 P
2 5 
2 6 
2 7 
2 8 
2 9 P
2 10 P
2 11 
2 12 P
3 0 
3 1 P
3 2 
3 3 P
3 4 D
3 5 D
3 6 D
3 7 D
3 8 D
3 9 
3 10 P
3 11 
3 12 P
4 0 
4 1 P
4 2 
4 3 P
4 4 PD
4 5 D
4 6 P
4 7 PD
4 8 D
4 9 P
4 10 P
4 11 
4 12 P
5 0 
5 1 P
5 2 
5 3 P
5 4 P
5 5 
5 6 P
5 7 P
5 8 
5 9 P
5 10 P
5 11 
5 12 P
6 0 
6 1 D
6 2 D
6 3 
6 4 P
6 5 
6 6 P
6 7 P
6 8 
6 9 P
6 10 D
6 11 D
6 12 
7 0 
7 1 PD
7 2 D
7 3 P
7 4 P
7 5 
7 6 P
7 7 P
7 8 
7 9 P
7 10 PD
7 11 D
7 12 P
8 0 
8 1 P
8 2 
8 3 P
8 4 P
8 5 
8 6 P
8 7 P
8 8 
8 9 P
8 10 P
8 11 
8 12 P
9 0 
9 1 P
9 2 
9 3 P
9 4 D
9 5 D
9 6 
9 7 D
9 8 D
9 9 
9 10 P
9 11 
9 12 P
10 0 
10 1 P
10 2 
10 3 P
10 4 PD
10 5 D
10 6 D
10 7 D
10 8 D
10 9 P
10 10 P
10 11 
10 12 P
11 0 
11 1 P
11 2 
11 3 P
11 4 P
11 5 
11 6 
11 7 
11 8 
11 9 P
11 10 P
11 11 
11 12 P
12 0 
12 1 D
12 2 D
12 3 
12 4 D
12 5 D
12 6 D
12 7 D
12 8 D
12 9 
12 10 D
12 11 D
12 12 